what is type of model you wish to load?_________________________________________________________________
Layer (type)                 Output Shape              Param #   
=================================================================
lstm_1 (LSTM)                (1, 3, 4)                 96        
_________________________________________________________________
lstm_2 (LSTM)                (1, 4)                    144       
_________________________________________________________________
dense_1 (Dense)              (1, 1)                    5         
=================================================================
Total params: 245
Trainable params: 245
Non-trainable params: 0
_________________________________________________________________
None
Enter batch sizebatch size: 1 number of predictions: 114
buffer: 1
[[ 3233.8508]
 [ 8816.426 ]
 [ 8216.532 ]
 [ 7412.7075]
 [ 6292.0547]
 [ 6124.2656]
 [ 7126.625 ]
 [ 6862.625 ]
 [ 7754.0874]
 [ 7121.6094]
 [ 6777.2446]
 [ 6207.967 ]
 [ 5549.3286]
 [ 5974.3076]
 [ 5687.759 ]
 [ 5038.281 ]
 [ 5837.459 ]
 [ 6018.0244]
 [ 6701.126 ]
 [ 6603.9956]
 [ 6233.399 ]
 [ 6879.159 ]
 [ 7780.283 ]
 [ 8699.39  ]
 [ 8774.864 ]
 [12719.133 ]
 [13715.961 ]
 [ 7839.2056]
 [ 8886.214 ]
 [11664.25  ]
 [13039.689 ]
 [13746.293 ]
 [ 8390.177 ]
 [ 6296.9814]
 [ 7352.5454]
 [ 7926.6343]
 [ 6449.818 ]
 [ 8969.969 ]
 [ 7927.891 ]
 [ 9644.512 ]
 [14542.659 ]
 [ 7353.896 ]
 [10389.521 ]
 [ 8699.172 ]
 [10054.705 ]
 [11338.303 ]
 [11197.043 ]
 [ 6696.5107]
 [ 9930.642 ]
 [11481.239 ]
 [15505.278 ]
 [14111.063 ]
 [14343.61  ]
 [15703.4795]
 [13111.723 ]
 [13386.699 ]
 [11790.206 ]
 [13994.776 ]
 [12511.278 ]
 [15842.185 ]
 [18449.49  ]
 [16571.783 ]
 [16805.436 ]
 [17223.336 ]
 [29613.73  ]
 [32940.555 ]
 [33469.805 ]
 [36801.82  ]
 [37956.203 ]
 [36076.35  ]
 [26396.53  ]
 [22207.156 ]
 [24086.277 ]
 [27317.863 ]
 [29284.676 ]
 [27080.678 ]
 [24678.932 ]
 [ 4927.859 ]
 [ 8335.595 ]
 [12268.063 ]
 [15192.06  ]
 [14508.738 ]
 [15951.098 ]
 [17668.475 ]
 [20371.117 ]
 [20330.416 ]
 [23168.188 ]
 [21897.926 ]
 [34755.7   ]
 [33527.492 ]
 [28416.12  ]
 [32115.883 ]
 [30469.477 ]
 [28392.46  ]
 [12724.959 ]
 [11683.855 ]
 [14042.483 ]
 [25045.828 ]
 [27902.81  ]
 [32480.379 ]
 [30272.78  ]
 [35597.438 ]
 [25918.662 ]
 [29795.236 ]
 [35341.234 ]
 [28256.21  ]
 [34220.676 ]
 [33126.223 ]
 [33423.715 ]
 [31146.201 ]
 [32714.729 ]
 [32536.002 ]
 [49316.363 ]
 [51643.523 ]]
